
*****************************
**** PERK-128 ****
*****************************

n: 83   m: 36   Q: 1021   N: 32   tau: 28   Sec: 128 bits   Public key size: 241   Private key size: 257   Signature size: 8026   




### KEYGEN ###

sk_seed: f9c129948d41687478431362ce74a0ab

pi: 0c520936512046342c4a2b4f101f4925061e4d393d4e0a1b1217032802043e213c07010f321c310e2e2d4145233014083a1a37002f0515113b484c26420b134047352a3818161d4b503343243f22192944270d

pk_seed: 91618fe99a8f9420497b246f735b27a0

H: 
  109 965 673 019 237 648 840 373 834 280 902 555 039 299 146 456 798 530 232 752 289 125 495 729 614 744 489 004 561 846 080 945 409 580 474 229 454 434 612 071 732 431 827 855 037 790 461 804 946 396 765 965 478 343 509 278 096 006 782 208 473 655 602 079 726 021 550 533 754 610 170 651 676 329 325 168 367 880 402 309 888 726 076 
  336 979 096 294 657 821 554 445 421 762 209 351 454 1010 081 810 105 511 653 1008 1019 109 821 571 990 486 1009 905 725 973 142 154 937 192 829 110 883 907 687 086 661 245 440 542 110 584 188 243 206 171 016 066 312 896 663 191 227 568 560 627 941 576 215 129 445 526 099 111 525 931 956 046 663 677 412 101 293 332 804 804 477 789 1015 
  109 454 683 738 551 888 131 730 365 008 599 851 010 053 375 440 267 196 959 503 528 260 512 072 005 197 501 526 536 588 080 418 251 895 404 117 353 938 019 616 461 988 072 863 917 522 578 051 045 624 212 135 307 062 409 173 843 451 506 795 800 423 842 887 104 962 003 059 475 193 351 463 343 309 1004 643 936 278 828 326 211 205 627 
  719 032 291 596 544 698 936 463 511 983 243 748 673 1009 283 196 526 931 944 977 953 947 847 344 852 917 339 643 778 846 141 114 265 774 833 696 991 080 230 688 915 134 218 443 279 300 525 595 687 054 457 837 425 199 366 246 559 463 663 057 606 836 192 679 332 432 765 584 371 002 513 256 907 1005 618 526 858 765 939 929 380 861 811 
  871 987 340 608 664 163 237 618 816 139 034 402 017 161 1009 439 463 180 370 774 013 034 986 029 045 629 022 387 651 502 727 417 222 601 619 594 698 395 861 555 478 679 149 714 164 567 613 934 693 498 615 907 381 761 259 414 573 913 481 192 775 599 667 172 550 162 705 972 867 716 709 667 780 924 988 683 705 359 429 816 231 778 875 
  762 123 780 114 441 774 184 107 030 741 438 1018 970 004 768 995 667 192 453 256 668 189 653 961 818 748 209 569 162 769 347 918 334 352 673 489 479 276 612 723 453 012 695 456 414 686 851 291 655 052 691 381 127 888 561 884 675 877 654 640 646 038 395 252 809 267 064 144 269 364 774 099 359 847 604 889 865 561 927 077 469 792 330 
  176 405 003 422 069 160 978 221 013 161 911 404 079 716 746 952 112 863 789 755 405 997 972 701 982 532 680 725 696 158 657 750 944 605 549 753 229 699 202 504 091 490 131 559 268 943 979 261 100 466 498 655 1016 848 686 388 690 572 453 737 131 220 928 592 324 772 846 836 902 269 157 1000 212 052 854 850 602 144 704 333 456 938 420 
  524 535 586 264 929 110 843 101 406 232 058 917 522 137 780 079 867 459 244 826 243 664 386 256 525 112 925 033 516 359 503 445 911 1005 235 308 096 834 653 425 045 896 696 996 195 063 760 859 992 344 280 367 684 991 851 012 882 282 337 532 061 108 462 829 737 709 1006 548 862 448 916 916 216 395 039 024 661 009 471 076 245 135 971 
  591 736 716 259 030 358 559 050 829 914 1017 915 082 413 820 778 331 671 1008 400 284 1014 305 819 910 802 454 240 535 619 270 083 286 334 540 745 315 436 955 356 075 117 995 538 255 082 201 881 567 831 236 476 390 208 239 950 142 518 510 132 522 138 052 665 052 009 732 743 277 777 300 080 370 871 432 955 195 798 748 929 240 705 736 
  035 318 742 674 016 977 666 465 862 935 477 927 994 981 956 500 502 921 147 128 075 551 082 829 958 459 227 155 494 369 267 808 663 641 595 912 281 1014 239 035 572 761 869 661 708 570 910 227 462 675 510 837 183 856 315 697 327 170 391 679 351 402 101 722 261 942 931 547 874 330 584 910 144 927 655 850 764 872 984 946 425 148 496 
  291 467 625 313 587 502 382 209 598 405 961 001 527 728 651 222 797 147 902 148 570 233 237 056 291 191 131 844 300 978 512 336 612 641 478 056 368 050 824 376 157 608 070 997 791 161 271 563 570 833 464 573 711 104 380 854 394 643 677 236 631 568 634 699 749 328 878 162 323 628 806 659 354 567 444 089 1018 254 794 1001 602 889 623 
  851 666 982 466 778 980 336 169 745 836 626 1011 937 698 969 163 344 084 959 252 898 240 226 190 211 866 305 871 537 305 378 176 498 828 390 443 453 460 785 885 830 883 390 490 615 528 425 706 799 946 775 993 639 025 782 1007 832 665 510 524 764 187 051 767 105 252 744 190 076 359 036 240 152 668 307 722 963 426 310 1012 120 774 287 
  627 918 144 493 436 867 133 354 840 695 856 771 295 257 579 854 063 357 1016 940 695 069 891 864 085 545 141 246 005 114 596 335 458 674 944 808 208 162 758 610 614 813 915 1015 1011 127 615 882 662 581 669 419 657 027 634 988 493 735 447 258 319 719 914 910 638 185 576 605 325 381 338 766 1008 937 778 227 871 095 908 582 259 856 169 
  486 072 579 606 312 056 898 524 873 941 582 433 746 968 484 947 911 522 863 125 439 265 726 231 581 1014 248 452 374 706 800 700 610 387 370 132 856 177 519 339 771 761 391 928 460 084 184 724 430 902 574 594 985 816 958 982 974 182 000 101 578 570 978 654 363 292 559 213 041 675 510 643 305 355 1012 665 305 892 064 090 974 503 612 
  765 054 398 091 373 1017 511 581 120 061 226 388 925 300 803 126 228 954 402 354 694 582 255 737 838 075 479 826 626 570 915 048 017 515 163 242 162 180 203 666 263 196 157 203 731 227 546 797 392 724 846 885 093 314 259 1019 419 636 852 454 001 016 614 521 266 683 038 303 623 064 964 682 751 001 964 311 785 168 067 389 296 734 531 
  100 901 666 650 138 536 989 388 383 328 726 817 681 920 655 503 737 407 210 189 429 1005 237 089 961 739 460 389 952 290 942 171 104 557 667 666 401 326 711 549 396 257 875 659 886 427 610 051 046 563 430 616 861 739 035 867 280 424 898 555 882 825 069 171 213 121 434 460 680 457 104 406 592 224 1006 695 079 821 544 835 569 030 365 
  669 740 216 783 003 851 290 274 573 258 029 1015 173 486 638 961 703 985 613 022 533 327 955 826 622 577 960 751 772 431 061 716 824 897 337 351 197 304 395 920 941 067 460 848 685 139 033 101 805 338 269 612 502 778 538 346 805 047 624 137 196 601 296 134 388 037 465 178 757 835 055 593 460 562 173 873 471 256 757 253 825 361 772 
  961 804 543 916 975 302 416 546 639 191 998 266 184 392 663 537 928 587 582 494 783 934 333 009 883 681 818 110 700 732 140 640 920 993 691 642 051 955 657 912 623 610 814 383 233 224 739 967 868 892 325 020 162 459 740 896 236 821 949 914 282 312 274 073 353 576 202 145 038 661 364 624 716 501 246 102 688 182 178 759 786 099 719 
  518 664 124 400 436 648 187 483 371 1015 836 423 673 649 151 163 942 585 107 230 453 945 017 720 895 027 668 965 931 457 481 352 484 173 164 243 499 322 1017 002 849 429 975 837 236 748 035 1019 120 164 468 006 583 465 856 950 933 198 118 295 975 948 775 855 135 350 955 416 586 365 378 860 366 432 306 579 137 528 687 713 947 918 290 
  571 375 600 025 663 440 015 423 359 213 552 450 681 216 891 569 121 166 701 484 952 712 743 190 221 013 809 369 084 413 437 345 432 133 730 037 081 724 877 979 922 168 599 979 561 058 137 750 553 494 013 743 636 070 606 120 834 391 589 508 080 447 635 186 891 500 863 076 550 230 950 791 263 466 181 631 819 700 137 848 710 102 475 
  140 819 295 582 087 963 717 609 485 792 973 466 189 581 852 131 839 331 932 647 648 338 549 687 701 719 619 029 164 708 847 908 405 356 780 848 987 504 758 666 863 1009 643 720 274 254 489 875 844 072 959 561 863 296 921 859 831 997 204 044 624 974 870 366 484 936 960 059 145 918 573 246 491 663 096 336 985 056 143 368 549 692 883 
  369 769 676 455 354 787 676 483 224 997 257 926 950 742 234 452 147 1004 995 095 288 591 242 553 455 587 264 828 814 291 713 501 811 900 418 1012 487 696 871 639 450 100 598 754 112 023 087 602 043 160 361 359 262 227 416 134 134 255 352 091 345 426 723 733 566 415 444 411 718 331 896 362 553 921 826 654 842 993 395 297 195 351 169 
  052 064 604 972 264 225 990 309 547 895 607 773 092 089 938 387 012 895 444 379 253 672 189 232 195 282 122 019 234 964 186 959 347 181 487 221 668 453 668 990 670 316 696 503 873 499 595 076 787 661 646 885 167 945 973 546 155 003 713 522 968 821 138 443 1011 406 970 769 307 536 170 887 563 154 432 310 720 829 621 792 480 245 687 
  985 703 356 925 795 841 054 344 841 631 964 387 709 764 789 906 836 795 1010 970 366 049 640 120 422 849 619 218 283 830 813 896 436 871 390 255 929 499 148 184 837 644 953 684 134 281 965 221 009 228 473 462 241 307 655 158 293 971 607 182 162 719 423 462 775 911 036 639 888 829 663 349 229 592 689 916 913 211 596 376 856 241 037 
  304 285 242 055 012 327 909 893 373 316 783 115 301 020 745 928 805 493 163 161 198 846 023 372 814 197 076 172 671 881 437 502 320 119 980 547 107 033 638 691 905 371 764 639 815 867 802 795 994 133 135 1001 413 029 086 769 870 817 672 101 926 076 903 866 352 285 589 128 964 792 777 407 421 504 878 281 774 029 412 382 023 389 078 
  366 710 332 592 056 689 290 042 010 984 153 096 679 347 976 162 484 118 204 823 935 011 362 015 848 272 788 998 527 237 428 622 278 726 793 176 840 976 866 517 673 576 122 091 693 702 054 909 721 183 801 681 948 073 387 295 811 569 080 669 860 341 307 846 869 649 367 818 707 135 766 888 866 580 010 238 184 198 045 032 713 855 622 
  084 005 618 313 044 841 444 913 239 671 714 227 564 783 283 005 529 419 205 537 788 195 748 110 877 237 249 483 376 292 194 483 090 907 824 081 624 749 538 449 032 224 326 753 774 532 765 871 633 295 679 744 939 023 302 679 801 533 127 661 629 110 891 275 1008 552 765 475 569 456 875 110 401 151 777 901 415 877 202 024 610 280 925 
  761 851 149 222 297 778 728 368 518 712 442 456 223 762 366 116 336 053 849 892 014 020 800 376 906 759 369 977 119 042 837 252 227 106 316 264 923 466 540 226 202 986 355 550 549 595 269 774 720 926 059 265 127 714 523 114 630 089 552 416 979 810 994 611 461 353 248 967 776 732 967 468 764 497 074 559 180 937 355 857 656 456 389 
  192 944 055 876 770 408 1002 215 760 478 572 245 066 278 459 076 762 294 427 647 869 1016 937 067 390 157 824 987 287 264 028 034 388 543 480 420 997 552 564 373 525 876 220 596 315 283 097 252 041 974 596 696 520 333 676 1014 430 008 261 117 314 416 126 904 888 900 416 625 409 064 236 245 664 172 411 773 779 300 199 063 622 555 673 
  074 361 003 820 638 898 375 473 282 380 480 717 014 816 929 102 462 749 137 828 038 316 616 445 976 216 117 537 663 995 712 907 607 006 600 814 735 285 663 088 354 559 409 535 945 168 029 462 864 719 576 702 144 351 512 118 888 507 047 464 971 965 1010 623 894 481 066 521 518 592 512 339 053 699 031 456 713 628 687 138 927 911 071 
  908 974 708 744 630 151 095 1007 706 858 165 500 478 910 439 470 015 312 802 269 760 467 365 261 140 501 645 759 021 489 408 382 160 283 552 488 198 403 512 097 595 622 710 485 552 144 267 022 398 626 683 817 314 731 753 381 109 848 813 277 127 962 789 622 626 703 060 450 980 069 597 589 778 350 981 185 419 412 782 158 489 053 448 
  788 556 196 808 717 561 161 1017 881 278 816 259 593 717 1008 912 059 383 305 612 297 042 721 454 060 644 258 427 792 159 091 294 459 718 604 003 206 980 221 191 106 724 878 912 551 265 608 761 643 692 581 678 011 433 269 613 208 622 481 111 994 111 854 888 108 637 120 069 1008 534 541 548 983 297 781 827 560 940 815 524 852 195 475 
  141 473 137 550 496 919 520 118 511 1004 171 144 770 453 197 328 231 131 962 523 277 535 983 418 046 054 329 281 436 645 814 934 387 788 427 610 965 652 376 780 896 591 221 583 605 003 295 091 197 505 848 359 802 190 218 693 729 405 478 380 697 173 814 496 068 551 148 084 922 889 619 375 142 359 1014 200 098 127 168 399 820 797 935 
  473 709 229 623 695 134 662 493 763 732 917 971 857 906 288 852 129 173 667 543 971 907 222 681 440 197 430 395 515 607 815 435 959 541 226 355 241 598 518 391 577 300 938 874 121 034 935 379 363 132 235 524 587 1000 604 1008 485 673 458 046 289 922 097 949 105 1020 693 241 128 645 972 338 793 1002 553 321 590 885 663 900 880 172 225 
  024 320 862 911 536 430 029 582 731 424 885 965 433 361 559 759 858 751 828 130 912 105 268 434 232 532 042 589 967 109 432 790 361 906 667 415 689 477 852 309 338 880 774 312 037 488 115 713 723 809 193 049 587 104 418 983 436 176 595 902 740 545 146 537 745 560 067 1008 519 117 286 081 201 610 688 529 337 385 571 957 414 830 496 
  658 091 187 075 838 150 712 085 607 926 000 423 740 838 755 090 602 943 009 996 267 694 303 313 556 334 691 575 162 633 185 443 860 649 557 311 078 111 807 215 816 435 271 743 204 659 1006 442 794 069 000 172 711 109 052 849 099 137 265 419 454 116 350 778 549 493 888 102 509 472 130 233 252 596 495 214 988 519 878 952 169 334 087 


x
 x_1: 666 645 648 228 901 340 378 634 313 409 018 372 999 615 637 384 612 202 545 370 237 259 369 686 011 920 983 477 829 833 878 563 394 778 848 824 881 951 228 455 478 451 373 418 470 801 311 946 159 955 948 595 212 165 255 266 621 816 400 167 702 516 942 200 564 882 854 368 355 253 985 498 153 486 313 936 927 553 999 193 687 715 392 
 x_2: 534 620 155 852 487 963 843 773 009 505 020 494 713 342 695 611 761 239 499 295 326 384 941 192 495 778 245 211 019 455 576 820 998 039 959 991 962 469 270 388 874 744 091 308 461 045 881 358 436 857 303 931 044 126 300 839 499 291 142 683 699 903 869 628 209 813 035 718 488 462 132 283 682 387 493 254 139 003 004 865 038 806 492 
 x_3: 826 855 657 502 860 088 808 309 407 531 365 298 835 433 927 495 366 724 146 481 459 095 568 212 196 116 262 864 800 172 556 944 083 182 780 505 629 092 284 026 869 784 142 626 289 549 049 542 984 493 254 913 441 897 306 215 476 653 587 497 823 023 749 674 646 797 074 910 793 443 949 693 1002 786 424 043 924 768 048 888 822 878 747 
 x_4: 886 743 819 1013 631 203 197 340 210 038 604 774 188 525 446 237 027 044 277 394 609 1006 781 370 521 925 104 547 194 345 384 941 978 680 183 274 006 038 910 105 623 085 222 726 975 686 902 306 050 234 593 167 656 927 283 915 374 352 763 766 843 756 211 012 268 163 347 639 718 507 946 849 133 359 198 761 455 828 299 887 237 822 407 
 x_5: 938 671 758 320 472 835 320 524 767 996 355 098 032 559 572 049 197 025 521 247 808 151 897 170 001 889 672 917 035 356 789 516 219 942 174 501 492 769 760 182 810 884 650 336 306 220 711 900 643 122 261 623 942 097 1016 597 299 082 495 520 655 196 071 826 806 850 058 780 549 968 109 008 914 643 050 968 263 1005 484 563 254 467 421 


y
 y_1: 416 535 989 853 465 894 364 729 166 412 931 472 701 976 399 448 761 393 732 911 060 030 870 952 252 321 318 158 820 380 053 870 331 944 500 238 
 y_2: 964 401 313 997 750 644 490 446 205 243 411 614 375 028 541 821 717 804 250 300 860 116 847 771 866 947 781 394 588 175 911 855 692 920 941 1015 
 y_3: 972 209 508 983 185 391 641 793 614 487 466 599 178 051 787 476 696 687 999 561 684 536 574 418 217 454 289 200 009 418 223 765 040 119 204 840 
 y_4: 574 982 139 784 612 457 420 107 645 618 711 463 971 064 194 054 521 346 827 585 729 183 616 049 791 099 255 334 879 441 884 075 325 1015 934 949 
 y_5: 848 863 407 258 148 259 336 361 359 1000 1001 381 892 273 244 223 449 528 987 426 690 226 000 987 446 887 746 510 1009 995 1012 468 724 419 1001 813 


pk: 91618fe99a8f9420497b246f735b27a0a05dd87dd5d1f9cd56b6a670363a76bd42ff1870f926c6ede33c786036eefc04e5932734f35583d94bc14e9f3bc4479653f9ee12aa9e6fcdccb399997771d061cdcd92ac0f4b5cd3f1f4c062cfdeb0624cbef2f8d5b462defafdcc47c3dff5b91c1668c6669e27dd95b2cc303177b8be7a7e8cac62e8a368d9181712320988f64dbf28dcc10cd23e5abf08c4642647da1a85aa79ec73cb03218c0d096ab57392d9de82660c178ff18f536fe746f71245dd6f7aed507f7d9940940c04555a67a19f7e5f7c4744cf37c141b8bd6ab28a03c0f6beddadae7ff18f4f3f75d48e967ecb

sk: f9c129948d41687478431362ce74a0ab91618fe99a8f9420497b246f735b27a0a05dd87dd5d1f9cd56b6a670363a76bd42ff1870f926c6ede33c786036eefc04e5932734f35583d94bc14e9f3bc4479653f9ee12aa9e6fcdccb399997771d061cdcd92ac0f4b5cd3f1f4c062cfdeb0624cbef2f8d5b462defafdcc47c3dff5b91c1668c6669e27dd95b2cc303177b8be7a7e8cac62e8a368d9181712320988f64dbf28dcc10cd23e5abf08c4642647da1a85aa79ec73cb03218c0d096ab57392d9de82660c178ff18f536fe746f71245dd6f7aed507f7d9940940c04555a67a19f7e5f7c4744cf37c141b8bd6ab28a03c0f6beddadae7ff18f4f3f75d48e967ecb



### SIGN ###

message m: 0000000000000000000000000000000000000000000000000000000000000000

mseed: 9b4e441bd6a749877799fb711d6d1f45

salt: 5e2cab5b5766a64515d7c7ad3eb675c0fd08eebbebbe669bae6001865438d89e

 Round 01: 
  theta: d13f8022fec1a404ee3f782351963105
  cmt_1: 27e7a81cdd35841214c89f311b4b46b5819ac25951d146819fac5f30e0025b58
  v: 645 389 447 360 822 590 917 781 241 989 870 99 917 307 894 435 834 474 305 143 293 632 814 936 156 550 506 435 894 151 927 107 211 323 888 625 374 682 925 67 467 195 720 780 533 774 142 411 896 125 92 150 179 24 280 710 592 278 119 381 106 162 384 149 684 396 89 775 10 272 26 234 35 97 294 772 275 613 425 298 466 998 315 

 Round 02: 
  theta: 64f71dbb0a743ca41db79cf422a29ff2
  cmt_1: ee54b75d5fd0f50a028ea8149a5f7ccfd094189244e6689facd33fc894c6626c
  v: 669 305 245 240 128 49 1016 437 337 229 902 554 602 327 967 765 421 693 705 908 490 106 287 330 903 286 884 975 943 602 950 810 411 575 227 959 92 44 259 919 87 840 629 511 308 514 816 326 394 497 297 277 477 441 17 346 306 145 808 736 316 628 548 542 555 310 325 183 194 21 634 114 747 957 693 455 806 137 758 354 559 503 1001 

 Round 03: 
  theta: ecb9388bd5e87b3aef17b9d185a1c0f9
  cmt_1: cd665bc9ba282fa21cfbc4e8c9cfefcad04f28541d5cfc2dd5a9ce3ac195bc7a
  v: 272 941 261 485 777 52 81 1009 704 813 961 186 591 782 260 597 132 855 693 486 982 33 880 1005 690 850 342 890 182 570 817 595 506 106 829 88 765 163 400 327 516 384 579 636 603 480 588 462 975 554 539 30 910 315 737 678 463 421 917 187 914 620 152 781 350 5 909 63 836 103 824 935 113 563 379 519 594 69 605 710 762 520 959 

 Round 04: 
  theta: dbc243ef2c0cf0d24329be9e738b4f17
  cmt_1: b5c7bcd7a0ddce40fdd73f1a7620f38ffffcbb04de981b399a8e97d911479424
  v: 162 634 175 186 169 198 869 151 922 850 808 185 2 791 857 566 268 459 993 963 900 555 393 898 155 722 224 133 58 559 515 160 763 236 614 751 821 6 126 585 453 351 195 416 333 123 712 547 974 91 650 129 26 624 385 34 55 800 546 950 223 253 351 606 920 693 289 244 30 45 894 527 694 149 63 629 538 930 910 564 810 184 499 

 Round 05: 
  theta: ea85653c35c8518679c0508a38165eb3
  cmt_1: 2f57212d5ed067d6deced2b7a294ffce4148f9617c256b5c7d22004eb7b56e1c
  v: 761 840 401 842 103 832 683 880 658 287 1009 2 189 319 282 542 958 206 146 820 675 907 877 572 645 749 57 161 957 526 937 815 215 719 438 62 538 239 782 130 311 501 369 295 592 635 229 209 536 733 401 340 849 848 905 809 342 838 316 882 101 576 893 478 383 748 799 27 855 196 578 113 96 689 950 201 757 598 293 597 369 700 498 

 Round 06: 
  theta: 782cdf9ef19bb95c5f12e232fc90459d
  cmt_1: 8c9057c853d177e88abdb356fc5cce9c4c870762f5878d95e4430e595e4f8997
  v: 782 130 373 319 854 289 687 181 62 127 465 107 623 482 894 415 661 934 646 349 509 526 657 620 300 655 1001 686 108 565 449 584 678 835 293 159 845 1020 85 447 104 229 338 18 71 421 358 3 403 791 534 648 911 964 410 909 1007 225 560 335 964 104 815 255 304 569 419 92 445 660 43 357 81 507 19 541 613 984 545 1014 95 205 13 

 Round 07: 
  theta: 8c7379ef25b73d091fa613345ddba229
  cmt_1: 96b519cff4a1dcd688a73e784b4f2824e291cb90adfa9925def28cf0798574e6
  v: 701 935 1009 354 290 822 372 865 672 375 374 377 444 642 190 288 191 635 73 556 728 416 105 888 198 1012 792 88 1001 609 426 820 998 280 747 154 94 846 872 689 815 327 194 84 492 638 25 192 561 372 959 44 958 554 647 732 367 251 372 12 983 475 626 992 337 66 886 160 578 639 745 92 253 392 269 82 1007 373 168 466 706 704 253 

 Round 08: 
  theta: e235c042bdd412ecc6baae77f7bfed1c
  cmt_1: cb6a5aafd0b68c9ad7e602d9016564c9de9fec1c3f8712aa8ce6acc1fd511022
  v: 932 971 606 627 780 33 915 110 865 853 207 253 218 16 592 769 751 65 120 487 71 28 224 808 786 212 488 929 883 377 491 395 263 999 642 523 8 526 460 853 795 249 169 635 702 305 324 769 801 992 809 891 560 694 141 603 246 896 1020 118 835 657 478 254 931 598 180 273 738 684 181 96 209 1003 175 78 877 54 1005 1006 257 166 562 

 Round 09: 
  theta: 560a6aafda8d4b62fd8c92b57400a0eb
  cmt_1: b42a9eceee8d0b27e3ef88c4b29daa723e6790ad1ca0b566305be2b01c611619
  v: 220 35 727 188 279 315 971 457 482 335 490 273 678 649 36 106 772 630 764 503 103 696 987 655 356 982 662 485 157 689 566 851 881 371 915 897 437 99 627 433 978 420 376 899 336 637 363 397 473 667 661 196 834 515 577 131 163 279 78 391 268 370 378 245 535 990 737 192 417 780 779 872 630 819 246 260 258 852 382 274 671 1006 628 

 Round 10: 
  theta: 8d15df35f2703ff89a8f56ff85f84e04
  cmt_1: 4a19c40c2843972224478222a58cd602df44642d9082c5eab61da801ed8f1b1d
  v: 921 249 394 590 60 203 646 923 829 106 514 426 666 83 176 207 244 332 858 70 768 504 847 238 890 286 572 645 574 866 956 538 801 909 554 639 598 471 286 820 942 321 306 237 552 333 72 769 52 769 419 266 77 856 654 608 977 814 167 957 644 499 832 530 55 163 979 913 369 914 928 778 783 489 356 519 714 373 753 513 193 483 90 

 Round 11: 
  theta: e51d2f7f6d118f007ed0cfae5d693095
  cmt_1: e3b3ca60af3db6f679e12e5018610c0db5ce722342a48f3710a2e1eb401dc656
  v: 923 59 589 665 981 856 839 31 465 567 860 746 682 188 853 164 198 877 211 351 359 307 723 724 227 74 918 243 584 620 336 596 195 377 401 145 559 797 1019 491 375 665 191 971 635 623 461 361 858 135 700 55 656 360 694 753 491 906 637 945 288 17 249 565 40 54 650 541 682 28 776 624 419 746 466 987 221 200 106 627 274 374 407 

 Round 12: 
  theta: e9012ef8fcb0bbf35d6d8ae10563c1e0
  cmt_1: 7a0f1daf184a299b0b88fb7e9949615e8059392efe66698cf05f0e0193a0e197
  v: 752 798 727 1001 770 415 81 185 810 358 289 269 587 407 980 410 976 23 320 437 26 407 628 1019 547 320 611 289 538 456 223 713 57 386 225 693 105 526 982 808 414 189 359 2 189 650 738 172 841 25 505 25 416 598 405 810 412 807 649 34 444 678 471 759 595 641 376 903 717 270 735 977 327 665 677 698 169 947 260 940 433 189 732 

 Round 13: 
  theta: c25902dcc6bfc5149f5d25c7bff1682d
  cmt_1: 0d104312900289193fd94296d31d3083c088395b71f6512c57599f262b9e7a2c
  v: 296 121 312 463 667 443 159 192 246 415 811 858 231 480 833 458 672 599 638 705 747 369 39 765 466 263 921 168 122 871 331 938 808 74 784 478 18 656 534 804 360 900 568 735 704 752 270 605 100 196 420 849 232 746 114 830 92 749 12 82 182 343 937 546 591 733 234 634 38 867 799 977 206 765 340 588 939 381 247 391 632 227 67 

 Round 14: 
  theta: e431afcad2c7701e4c8fb6f3c7aa1a73
  cmt_1: d265f791d4e2eef43cbdcb0f2016a0ec656efbb01a3c23bb7b0865505966a7ba
  v: 1008 764 392 249 647 880 369 986 684 559 555 802 675 429 637 921 467 124 378 924 572 371 846 222 337 777 154 290 128 802 866 942 108 868 636 555 836 191 229 980 47 425 495 192 726 763 157 940 955 478 215 851 644 994 635 206 887 362 340 851 126 811 534 913 312 227 710 0 219 209 403 266 550 322 989 715 968 537 1 333 1006 1016 252 

 Round 15: 
  theta: 143d1ca7630d4823f7e36642cbce15bb
  cmt_1: eb4d5e5741154cada50b36f428aca70130a404edbbf422563797effbe2430f87
  v: 978 624 725 504 58 12 440 1002 989 194 334 751 11 47 514 150 912 661 845 95 766 950 84 448 477 423 861 572 899 689 622 204 181 1007 986 668 996 312 193 161 919 525 772 559 550 574 460 626 1003 577 766 917 18 153 440 939 524 34 905 66 662 1009 44 369 164 599 217 184 187 697 206 560 998 354 313 515 403 998 676 1006 134 890 699 

 Round 16: 
  theta: d5b15efed7829e3d8ae503cb3bc6f77a
  cmt_1: b7342bb97f227c00946e2c8798b5c541c1d93e7284249cf39e0ac5da797007bb
  v: 600 181 389 79 217 154 996 756 490 793 395 225 485 1019 838 976 338 950 876 73 146 423 377 576 453 558 17 506 390 690 550 413 770 599 905 465 661 834 983 955 348 852 254 785 774 215 905 586 410 97 248 95 320 790 995 141 392 806 549 159 432 973 798 682 506 21 455 926 555 660 513 302 442 588 57 333 315 770 348 359 37 51 69 

 Round 17: 
  theta: 8157170ac18fdc7d27287b4807cf1b1a
  cmt_1: 2e0b71210e206324e1e4b59a5ad74507afbe840d1fa4044545da50d91ffb15cb
  v: 578 1008 312 372 644 734 756 418 303 1017 627 450 9 830 1012 255 389 865 252 576 87 953 319 966 562 643 901 979 973 669 450 478 1000 1014 388 165 348 617 299 97 106 725 213 888 862 691 674 112 979 597 221 730 691 525 337 605 354 404 940 796 65 947 637 46 16 591 832 132 749 602 378 464 646 835 386 154 509 452 697 499 851 195 965 

 Round 18: 
  theta: c3e6ecc59ebb2c3b419224c7b1831711
  cmt_1: 3f015ee532248499089005d9aafe21ed99a740a1926f13682a5d20566de63e13
  v: 973 227 437 769 725 732 122 116 202 397 396 846 39 355 806 948 229 400 1003 578 41 749 469 360 508 791 579 59 221 13 352 499 791 292 515 574 907 637 633 659 982 499 685 468 19 905 564 360 509 484 221 41 606 24 347 971 610 492 744 494 407 522 658 22 544 663 132 366 550 231 699 150 763 777 784 479 160 845 943 787 595 536 924 

 Round 19: 
  theta: 599f82602685ef09f9d9ddb62654d539
  cmt_1: bb1ca68324c365d31ec6be3365104b06ab42cd8fb6d9358ba7e05eb6bb1c8915
  v: 870 552 595 180 806 692 40 793 279 946 432 157 48 519 121 1006 665 467 325 966 259 742 675 775 323 803 558 458 837 770 163 236 446 309 694 872 503 566 24 559 185 559 652 94 494 302 817 413 937 383 441 79 33 653 1018 111 585 938 975 961 962 970 844 434 803 128 244 1018 517 628 747 23 730 676 130 631 933 999 997 872 365 875 969 

 Round 20: 
  theta: 2f894ffe5fa60704f00a851b6c8d9093
  cmt_1: b6d5f1563d066bda8ce325b181ce801cbcf5ef6ab9897a52d69b140411182f04
  v: 782 780 97 555 134 120 623 591 232 92 16 789 467 519 422 115 741 960 781 677 35 669 166 262 511 397 717 542 217 413 236 548 974 912 891 673 525 630 453 767 284 557 972 291 190 860 427 921 796 293 689 165 328 285 871 572 243 713 722 352 254 151 617 135 224 690 545 271 251 603 696 306 269 772 239 406 15 92 23 434 607 47 425 

 Round 21: 
  theta: 97a8d59788c36cf2fbe182ab667874f1
  cmt_1: af485ce558c6f4a026e9da5a3f56ef2b18b44e62bbfd1173daee1c633e878c14
  v: 365 373 439 847 23 860 524 817 862 108 530 49 657 739 169 411 740 963 842 558 356 925 131 754 481 506 415 669 986 593 118 993 738 429 84 914 137 203 563 81 244 288 381 869 680 855 963 796 700 309 494 509 922 295 880 150 267 5 281 154 486 682 703 248 658 345 391 363 919 922 180 96 533 402 315 392 399 483 782 449 177 289 753 

 Round 22: 
  theta: 1662dd4ebde5e69a84ebaafe12deadfb
  cmt_1: 6c9480ceb398cdb9a8ff30b23b9fcb60a3da63bb4d60946255c01b03556e68c6
  v: 843 908 296 913 932 789 129 62 849 359 789 404 759 579 602 665 818 130 700 374 338 440 122 606 1001 337 820 364 533 573 127 753 5 511 643 537 42 228 486 521 396 1012 838 135 224 546 679 7 495 362 755 48 436 1011 213 341 324 836 152 497 526 66 103 543 579 617 832 776 424 373 52 395 599 867 351 316 164 720 667 459 740 718 400 

 Round 23: 
  theta: 34665f55b0231eb819c001545f086219
  cmt_1: d0720444bd4903abac295f40b8c58c6e3b9b989e49d45469f70426f990edd59c
  v: 367 284 116 371 514 659 353 365 186 626 760 961 942 750 139 594 182 263 353 987 828 753 1006 910 949 683 77 1018 468 506 379 83 505 593 334 764 557 126 710 460 65 30 780 563 476 786 566 791 411 13 618 902 404 300 417 284 433 504 657 102 368 873 412 142 800 107 685 51 363 105 286 977 906 529 209 829 44 296 512 608 775 582 715 

 Round 24: 
  theta: e9a42383a7608a4f70ca0c7d15874fc2
  cmt_1: 5454d7578815719d20eb7d6ff7325564ebdbc139ad51994360fce7c581eddc4e
  v: 172 14 939 835 314 212 960 57 251 588 345 377 210 655 490 979 39 346 886 647 146 28 599 575 856 795 291 172 700 525 39 214 267 966 59 979 582 533 617 251 491 444 457 391 130 625 854 954 400 751 39 109 303 713 707 528 989 381 823 313 474 897 979 971 438 589 275 323 540 581 342 521 763 312 585 967 289 951 354 178 576 775 570 

 Round 25: 
  theta: 78b7c7f3cb6ae755c97a8786db00a002
  cmt_1: b2b668838cd6bb844c9b0e56adb12e35d3621d08f4bd837814efe8f862fbae36
  v: 894 903 964 652 582 1015 850 43 229 465 812 65 271 887 869 404 114 827 783 404 88 623 699 412 116 835 596 661 115 731 431 137 854 473 78 377 831 671 104 892 544 186 250 401 516 438 548 427 400 815 215 69 368 84 940 374 679 832 71 732 482 190 125 204 300 136 320 206 382 967 888 634 852 40 625 554 217 160 732 26 1000 4 133 

 Round 26: 
  theta: c4d875f81b0d7fdd7b0190efbd233f65
  cmt_1: 5df93081329ab671edbcf8d09a8bb151d74023a6d9ffc03e3b838ad4940f1d1f
  v: 400 986 367 110 922 912 758 926 593 230 975 78 620 217 302 282 730 631 461 57 499 339 716 754 559 276 888 608 43 327 526 955 165 303 738 767 916 532 657 91 692 820 857 453 436 232 348 826 806 510 259 197 399 366 334 492 554 872 48 705 108 341 616 316 653 868 84 658 597 633 834 144 183 816 816 536 323 647 593 7 969 29 776 

 Round 27: 
  theta: 3bd6bb4a72517bd912748d98dee32f92
  cmt_1: 60655a3f6b776a38f8e8cdd96e3ebfcbe6d4463c5a4033b377a056b8cdfb249f
  v: 889 655 862 76 264 540 438 142 710 644 921 1015 552 741 672 457 1014 644 484 686 415 723 430 386 931 700 781 510 701 747 406 105 413 325 528 337 468 494 440 893 448 629 404 861 163 598 846 987 131 691 327 553 458 985 474 41 936 940 42 914 70 327 264 1008 984 782 261 392 764 754 749 845 600 512 817 830 145 491 831 529 560 839 592 

 Round 28: 
  theta: 92a8afa4e951d397c27baf244d8fdb44
  cmt_1: 56f7cbd363c0c43c3257d89f9c2659d4f68224d02dd478b527ed65c801ddeebb
  v: 792 280 343 946 915 652 599 642 143 426 1007 391 504 30 503 580 438 866 351 125 911 536 668 455 870 997 467 142 465 311 986 1016 76 932 948 165 986 571 591 458 159 967 763 545 1001 119 753 581 833 309 328 84 147 940 828 271 151 463 137 303 688 693 838 326 86 103 552 760 427 587 679 761 44 439 947 329 594 4 919 660 505 176 620 

challenges: 

 kappa: 
  kappa_i (round 01): 548 356 400 257 699 
  kappa_i (round 02): 734 086 061 815 501 
  kappa_i (round 03): 891 149 286 261 050 
  kappa_i (round 04): 938 658 979 193 960 
  kappa_i (round 05): 304 129 476 652 278 
  kappa_i (round 06): 265 971 114 548 264 
  kappa_i (round 07): 548 670 196 054 066 
  kappa_i (round 08): 321 372 821 946 525 
  kappa_i (round 09): 374 667 105 315 827 
  kappa_i (round 10): 454 405 617 812 238 
  kappa_i (round 11): 575 525 195 061 402 
  kappa_i (round 12): 748 122 366 429 701 
  kappa_i (round 13): 364 773 627 928 102 
  kappa_i (round 14): 823 345 759 468 076 
  kappa_i (round 15): 463 152 786 526 624 
  kappa_i (round 16): 697 385 211 510 005 
  kappa_i (round 17): 017 210 313 080 753 
  kappa_i (round 18): 260 968 213 485 162 
  kappa_i (round 19): 392 179 227 519 159 
  kappa_i (round 20): 197 275 930 637 213 
  kappa_i (round 21): 991 142 896 313 620 
  kappa_i (round 22): 808 117 528 206 536 
  kappa_i (round 23): 414 678 773 851 009 
  kappa_i (round 24): 073 617 515 016 679 
  kappa_i (round 25): 932 041 350 633 259 
  kappa_i (round 26): 527 998 099 437 440 
  kappa_i (round 27): 807 178 068 806 725 
  kappa_i (round 28): 662 444 218 101 417 

 alpha: 28 24 18 13 26 27 22 2 32 18 17 19 21 28 13 3 23 20 8 6 24 22 20 28 18 3 6 3 

signature: 

 h1: 104712d1d90fdfff8bee0d0e3ce44046e323afc03ad0295ff0e316928e41bbed

 h2: 3663e5c65ac56fbba66be09e1a3bdf3d6d65efd59b44fe84adf4af031610a003

 responses

  response round 1

   z1: 103 58 480 693 676 859 476 413 201 183 884 746 523 135 734 613 883 105 136 765 270 18 199 717 193 857 338 247 111 446 166 327 839 985 747 857 874 908 791 797 582 844 25 29 534 274 919 992 328 847 441 295 341 626 502 956 681 245 570 30 328 767 353 538 316 523 135 176 430 86 374 948 934 72 2 476 823 24 456 866 130 498 316 

   z2_pi: 0f374d03404932152547522407352b443e343f3d4a180c4b2f232714384c1951203b0d2c104f221f011b3c13420b112e4628212d332a29171e481a261250450a1d3a053136020e3039414e000804091c431606

   z2_theta
    z2_theta seed # 1: a00acb9a2ec73b7464b737e40d185da3
    z2_theta seed # 2: 780a36bb42512720d522199c5563e72b
    z2_theta seed # 3: a18ce5843ea77c3171d132a4694e3774
    z2_theta seed # 4: 3aff7c6f6d74cc5a91cf64d452555de4
    z2_theta seed # 5: 5fd55cda06733a6c3e27dc4bc18ff704

  cmt_1_alpha: c20883d2a532c891c8781b8fbef26a74bfde1257089dc82eab44f3ec5e1db4c8

  response round 2

   z1: 883 904 103 270 814 242 996 254 967 607 1001 14 567 120 841 694 593 200 56 292 354 764 680 262 734 192 467 233 897 162 949 838 635 287 433 41 328 853 881 526 477 208 453 1008 629 603 988 470 560 112 589 244 481 935 287 665 297 566 1011 948 70 441 491 769 431 590 696 265 790 629 701 905 373 658 798 42 917 762 835 439 655 109 780 

   z2_pi: 2a52104304330d32170b112d2e26310312161d29440a010f4b270c36393f0e24091e1a23351c083e3a49052122513d1b50480214194e304a3b283c4f134506412000370747422f46152b4c4d2c18403825341f

   z2_theta
    z2_theta seed # 1: c445d0908cc27250c2f95b8fee15b4af
    z2_theta seed # 2: 45d9e291c6991aa0bf788c6399f952b2
    z2_theta seed # 3: 9c96c7fed8ac7d5735c1759fe85645d9
    z2_theta seed # 4: 3407c4abb2891b9682b9bfef41775e5a
    z2_theta seed # 5: 937dee7371e7bd9daac8a08be0169500

  cmt_1_alpha: c2b2c96ff75aa46163a23f5d2c1b2f66b3060f39a349ccf93acbf5da2b5c788a

  response round 3

   z1: 917 1008 439 438 578 531 572 1017 250 174 618 420 141 138 97 104 594 111 115 414 798 433 602 579 244 712 436 716 726 957 955 564 665 953 132 962 511 874 480 818 527 214 541 571 420 189 80 995 547 501 889 859 445 607 662 240 518 386 20 91 388 795 1000 647 556 1001 918 251 626 31 979 875 139 310 456 104 557 120 755 976 234 237 246 

   z2_pi: 1a23132848301b2544272c4302164f05011e1d2a3622344c5008350c4552413e124200152d2b51040d181f3b392e474a2f4929323a403f190b3324173c371109061c213d0f4d4e0720264b0e10140a38310346

   z2_theta
    z2_theta seed # 1: de8df84fe09e3eb0d28fe8a76d46608f
    z2_theta seed # 2: 278094cf8702ce60d3f563d58336bde4
    z2_theta seed # 3: 1dc74b14015e6e486daa8ccb2084158b
    z2_theta seed # 4: cc0b49fff4f1600cab5d1e4bce6bf7df
    z2_theta seed # 5: a4d1623011e341869b0a667521bedd95

  cmt_1_alpha: 9ea399a510e117961d0ac9161d86ae138908ba5ef8c51e1ca8cba8ccc278a21d

  response round 4

   z1: 566 712 600 543 1019 946 417 131 870 525 25 711 62 791 993 507 809 524 920 579 20 10 523 946 328 447 898 532 499 413 42 287 590 92 622 176 100 231 365 356 490 757 960 255 354 903 622 322 541 893 243 459 606 792 778 38 175 595 959 771 333 795 886 393 437 454 197 728 617 895 844 958 911 908 912 316 413 497 707 544 191 297 261 

   z2_pi: 0a24523747211625064d2f504b081e2e45192b1c3e43154f410c07233f0b4a354649382a36170e0f0d183b39092d4414312227131b4e100148331200421a2934053d511f202c26283c1d3230033a110440024c

   z2_theta
    z2_theta seed # 1: 3b47fa9fe9fc4a24932cf7460a0f2da5
    z2_theta seed # 2: 0f3ac9ef93741c35a3da93a966d369db
    z2_theta seed # 3: 9ac1b05c520d2ff3c33443e36da1b78b
    z2_theta seed # 4: 3f32655dd2a60759956d9d20139e656b
    z2_theta seed # 5: 4b09592528b3aef0cd94a803f3d4dcfa

  cmt_1_alpha: e6bd94c9b54c38ae70835096d23cdb180343eb887f36ddf7475140bfd9695e49

  response round 5

   z1: 374 996 294 550 746 512 322 958 540 995 1005 654 535 301 314 560 987 671 284 719 418 148 714 280 420 20 740 197 48 969 930 934 188 572 487 700 121 287 879 345 463 709 582 581 968 786 113 173 648 453 53 695 951 44 668 80 539 504 22 646 753 620 37 366 29 596 874 564 309 602 826 288 748 489 889 265 68 1019 798 506 810 688 113 

   z2_pi: 284b2c4f110e411c470549212318303408042d191d100a42353614444d371f0020222f5133013c2502261a2a06433a4a320c2e3b3f2915394c5231483e0d382403070f2b3d504546121e0927171b0b4e161340

   z2_theta
    z2_theta seed # 1: 01f3b753f1251786fe7130e528165a1f
    z2_theta seed # 2: b4920e1053f64cbb5d8cd19847d36baa
    z2_theta seed # 3: 1717f12b5134129761a703fd3a35a00b
    z2_theta seed # 4: 9b128f2feaa217b3a214dba21fa384eb
    z2_theta seed # 5: 1406602eb57a40ee66adfaa8ead561dd

  cmt_1_alpha: 63d029d39fb39b69e99013add8bc41165f1c61d07385bcc946d9e297ae42257c

  response round 6

   z1: 993 525 113 409 329 463 962 454 916 985 79 784 332 490 768 961 981 737 884 241 517 244 861 379 519 203 743 880 27 223 440 731 232 141 473 498 997 134 286 448 597 637 51 230 808 753 768 414 969 972 524 220 86 871 567 401 699 1018 615 253 618 969 14 914 589 546 270 485 965 397 499 0 376 838 556 389 844 802 842 1004 704 858 41 

   z2_pi: 08134a4800520725140a421f2a36173249051a2d122640502b4f2e0c4d3510095115413b1c20011e4c451d3a0438023133472f3c372823290b0e46160d0f3d3024033e180627444e433f112c4b211b19343922

   z2_theta
    z2_theta seed # 1: 6f27b8aa47000b03810b75562cad48df
    z2_theta seed # 2: 5ee894749828afa62e76873f5a106d96
    z2_theta seed # 3: e743b0c0eeeffb08e945315bbdeefe89
    z2_theta seed # 4: f6f90a8d4588f05c3999aec4c7c8c5c3
    z2_theta seed # 5: 1eb939c627a21480076e87b5f12b1041

  cmt_1_alpha: 43632281aa2405ba05291c1a2375dd12986589b22c3e47275d1db2366c2d8419

  response round 7

   z1: 818 700 587 588 372 295 216 71 351 377 408 665 913 192 165 131 164 91 40 55 527 666 581 533 85 354 226 243 921 62 739 871 965 603 715 843 361 720 44 946 184 483 816 608 89 373 874 109 380 360 804 336 423 712 286 823 763 963 771 11 380 12 326 605 275 100 767 560 103 298 851 990 603 272 921 439 390 939 119 154 754 64 282 

   z2_pi: 4a0d122e370b3d0236430e5246173f343b26210a45030f141e044f0851301a161b201f35184c1c48382c25093342314e062b05293a504d100723243228273c394b2a2d001544192f47113e4940131d01410c22

   z2_theta
    z2_theta seed # 1: 1cf048005e31288cbae32d39e4223d9e
    z2_theta seed # 2: d34668270f97a992a4fdceca21099cb9
    z2_theta seed # 3: ea0949bb729c7dbc7603011cc4838872
    z2_theta seed # 4: 5790ab8ec8ee4d79fda8e0c0582dfecd
    z2_theta seed # 5: 07c20a43da0b4a85a172f7a49dc8bf13

  cmt_1_alpha: 61e83b18d3097ac65e24da623530327fbfdef26ef54089f7f01da300fc4ea43c

  response round 8

   z1: 203 930 85 832 268 537 562 412 942 291 335 849 94 398 136 128 531 47 799 242 545 319 522 356 770 144 795 63 841 258 516 322 8 353 667 833 893 809 210 543 152 993 917 733 621 592 338 97 651 699 747 730 977 327 594 600 579 626 68 86 316 443 128 728 942 141 953 702 213 695 26 709 893 919 104 320 603 840 604 32 148 281 889 

   z2_pi: 3311354b281737202e0f3b3426242d082a16430219254142030014053d3923091c310412494c101b402f4e0e1a2c450d2b5030383227184f0a36463a063c073e29014a4851210b133f1e5222470c1f15444d1d

   z2_theta
    z2_theta seed # 1: d43d69cd10602f6e7ef82d8b71afaf51
    z2_theta seed # 2: b51a76b92069160bdc5d62569d308990
    z2_theta seed # 3: e5f491f4063255ce28a4c84589fe5654
    z2_theta seed # 4: 4a974a1a8b2c9e37ca8bba9a8340966a
    z2_theta seed # 5: 88ed39a90a79be8f5fa5b1840b4a33a5

  cmt_1_alpha: 2ff6cada8e69023547f17be40f791b01f6922a6f54d296004d2ae74e08033da2

  response round 9

   z1: 422 789 274 676 138 897 833 444 12 175 321 572 555 39 679 630 286 132 876 909 808 822 518 296 964 751 48 863 989 476 984 840 550 653 920 604 513 642 625 43 924 206 721 990 787 768 89 555 588 113 892 462 155 459 34 831 550 629 607 381 224 727 12 43 117 653 794 103 284 625 14 978 819 427 51 242 261 959 570 78 664 624 593 

   z2_pi: 040114153544471a424025363905343b091e243c314b4313525051173d190e291118304c49100037063e0c284e082a2d462316264f122127323a4d2c070d3f220f0a1c381f1d2b4a1b2f2e4803330245410b20

   z2_theta
    z2_theta seed # 1: ef86debe569b5b0dce6f6f4dbcce14e3
    z2_theta seed # 2: 6ae6e66d4b1b50d26bcf6a984ba061d1
    z2_theta seed # 3: 9c37e1a7901f8b6d64b1d31dc4023911
    z2_theta seed # 4: 059f4b08a7564b3e4a66eb45d2557678
    z2_theta seed # 5: 4313ef8fd17f8fb593a37cd9645d989f

  cmt_1_alpha: a29a961302d9f3cf9a6ce4262fce90dc4db2f2dbe62562bc9bd88da958cccfd0

  response round 10

   z1: 47 319 475 128 245 666 879 849 578 500 228 252 247 124 506 210 679 749 663 904 421 166 419 498 461 902 752 1005 831 759 745 859 526 791 550 37 319 667 316 848 661 890 706 670 257 459 194 856 346 124 490 907 609 642 85 200 665 552 377 176 153 556 79 1000 361 568 548 859 934 356 968 572 322 66 519 305 1017 951 721 873 447 671 944 

   z2_pi: 164a060538224c123437210129252d403c3f0f101c15504309322f3e074e3d0219231311033033081e0e0d27443b3a1851454f1a1735312c0b494d411b42462404204b480c2a2e52363900281f140a26472b1d

   z2_theta
    z2_theta seed # 1: 194ec41f42a3f2a3becb38b6f5d6df83
    z2_theta seed # 2: fcf64c66f4ceb558ba61f001710cbe22
    z2_theta seed # 3: 6985092a751a07fab01cb121b7398ac9
    z2_theta seed # 4: 2c5f3a2221ef34f96f5566719ad3caa1
    z2_theta seed # 5: 3db8bed5eee67cfd4fe4722cd9efc251

  cmt_1_alpha: a4dd437345f3dfc60f4916c73868799388a0e34a6cb2a8e169ae717a26d2fe84

  response round 11

   z1: 539 452 294 275 198 314 478 828 128 358 751 667 350 756 856 753 541 877 809 85 26 247 523 876 948 777 951 91 783 211 589 257 800 235 868 288 700 347 470 948 759 885 903 705 870 735 882 535 838 580 160 419 591 267 343 975 560 469 830 391 749 676 974 536 51 572 196 482 494 64 265 303 47 395 580 928 689 76 817 378 867 670 87 

   z2_pi: 1f494d4a41081d04254b003438091b10280b131e454c0a0c2c152f0f142d0e06473d1801262e073a371a43194421322042333f114e302a484f3e2402351c5016292b36514046033b39313c172322120d055227

   z2_theta
    z2_theta seed # 1: 5da9443af2aefa267cbcdacbbe6c84f5
    z2_theta seed # 2: 355589e508795e1892a248a353a6e1bf
    z2_theta seed # 3: ee469a4c6cfd07a74176e380780e5be9
    z2_theta seed # 4: 368834d8a085746b98a9405ff1edd03d
    z2_theta seed # 5: d0b5c4f2a949a5d73f0db5de32c4cdd6

  cmt_1_alpha: f1101f4478fc42724874cec46a38f9d8e9155ee65414c3d688ea9e960543de70

  response round 12

   z1: 447 422 683 533 75 448 632 141 750 698 118 456 259 481 251 798 628 127 151 157 173 860 118 261 149 891 35 607 711 257 374 778 121 288 362 843 98 378 724 604 955 229 497 445 344 471 581 684 937 812 439 577 103 80 7 251 3 61 647 663 37 436 674 440 667 800 798 591 408 987 768 280 696 524 108 930 671 736 209 209 430 265 829 

   z2_pi: 0d45280b2110471a411d27093f3525174024140f311e2a291205060142111c1f333e363c524d08223b4c502b5103342346190e20384a3904302f160c32152c4f02262e003a1844074348491b372d4b134e3d0a

   z2_theta
    z2_theta seed # 1: c8aae4ed4962e1e9ecd55a5908bd5f2f
    z2_theta seed # 2: 2ad4d215e73447077c0e49e542c830ea
    z2_theta seed # 3: 951245824fe1fee68c8c1b68fa070594
    z2_theta seed # 4: 694385a2ce0e966cd3011cf56a82396a
    z2_theta seed # 5: 4dcbdeeda46c669957e22a96a37c6e11

  cmt_1_alpha: 9afbe5b828ed317dd253b610f7264559b259bb879c8b0431330317778b77683c

  response round 13

   z1: 520 400 95 335 141 652 118 585 291 197 358 174 232 912 615 733 318 564 320 534 782 212 776 1010 124 411 705 509 324 51 268 379 237 167 672 410 258 590 874 309 561 733 329 192 1010 303 741 350 503 765 995 792 376 335 321 129 73 352 427 104 403 398 563 180 508 37 31 994 387 22 441 489 596 717 288 105 4 187 384 303 272 717 851 

   z2_pi: 52170127354f1b2e51391906031a112249311f3b244a442d2f3c12462b3738163e3a0e140a28131e2609343d422a1832230c303602000d33481d4107434c25450520084e40214b3f0f474d100b1c502c290415

   z2_theta
    z2_theta seed # 1: b707ef0609ad677c3b50bdfd6fbb0a9c
    z2_theta seed # 2: 27d65d3989bde4ac2eb456ced3c076ff
    z2_theta seed # 3: 602ba6908f427d3de2b28e41c9e975bb
    z2_theta seed # 4: d9fab14c24bd74b707099ab620335e34
    z2_theta seed # 5: 33f89eb35db49e771125959b6f6812fb

  cmt_1_alpha: 2df17eff8e60990cf6caafaca339f4a1fc62815e3d61fad37d0693a21f378177

  response round 14

   z1: 789 28 988 280 940 920 241 50 213 97 966 663 929 914 245 278 814 102 177 293 504 608 542 654 859 467 340 321 427 776 4 376 524 896 214 270 225 812 699 357 1005 960 636 669 521 333 575 791 38 19 10 358 52 210 241 516 421 784 93 408 397 787 195 140 934 245 18 510 230 761 512 610 209 456 996 926 400 849 204 884 607 844 651 

   z2_pi: 4d46382005432d0a2308022b2e193a4e3d2635341d1c0b0f0e3642274a491f14333c033f37064f2900073e0945132f1a2a0c4450125232304117112547392831163b10011848511b0d244b1e21152c0440224c

   z2_theta
    z2_theta seed # 1: dacfa8755f907bff133988f718f4370d
    z2_theta seed # 2: ffb430e5128b3a5b9cc360983e85d71d
    z2_theta seed # 3: 27c0047d58b4126f284d3e368613d44c
    z2_theta seed # 4: d9e83cd9217af23d74f52a734b8c30d9
    z2_theta seed # 5: 4085451b0326c62488be87798c65a608

  cmt_1_alpha: 7aa623a974304e804bee658c219ea2e4ba62a275a5b642328b6c6e063c6b6c5b

  response round 15

   z1: 1015 7 764 290 673 394 776 94 175 16 161 814 221 287 412 937 989 220 327 856 71 826 567 338 844 469 974 397 494 925 489 410 676 802 128 491 51 454 56 356 745 928 152 986 473 252 14 935 84 904 453 675 881 295 749 409 833 473 20 753 97 1004 946 334 1017 943 17 1020 369 698 519 171 935 754 876 979 19 262 412 19 168 644 644 

   z2_pi: 432b2501384d2c404e500f48413c331016073d0d272447063549231a3637222a2029034409510834170b1e1b194626300a0c4f1d1c283f1545422d04312e1839111232524a1f3a212f3b130e024b0514004c3e

   z2_theta
    z2_theta seed # 1: eecefdd221e9ec433fd79a332f5cc84a
    z2_theta seed # 2: 7232d3e6ba4077dc39f81368750fb447
    z2_theta seed # 3: 470fbd1becb53cd9cc059cf025fd1c19
    z2_theta seed # 4: a35fd5f03d572437f6c98afbd8cecbe1
    z2_theta seed # 5: 68e5f3e1834f8e52477489e29beaa5ed

  cmt_1_alpha: 6771fad557801d1a7385760d62ee346abe80da4edf00862ca28d3f0b07e37b6b

  response round 16

   z1: 483 597 844 529 554 555 769 297 210 192 839 635 679 857 667 223 69 941 495 102 720 101 194 1010 783 768 927 107 512 359 905 190 971 82 801 537 359 239 620 405 394 159 956 420 236 771 211 977 166 729 879 504 444 573 926 213 228 643 379 403 959 529 594 399 772 746 977 676 814 557 1011 541 991 746 202 352 789 972 986 162 96 288 518 

   z2_pi: 0209152c4a24071038032516320f27513a23333d482d144b31342b391a300a221b1708044421353f200b011f3b52433c29181d06194028124c410e4e2a45054d262f2e1350000d4911364f471c0c4637423e1e

   z2_theta
    z2_theta seed # 1: 15a81852e4fb912936acac1af864341f
    z2_theta seed # 2: 4c74551a2528b66032bf6dd57116e2d0
    z2_theta seed # 3: 462acfee9d99e47edcb06329177cc757
    z2_theta seed # 4: 1648abb16633718e8e73611baea14331
    z2_theta seed # 5: 62a07d96caf3c64b32eb506bbdf50cc3

  cmt_1_alpha: 57f0053c815eadd0769a59b49c39540734146f2a198819849cffcb19d19b8fb4

  response round 17

   z1: 823 170 274 693 819 560 854 805 1006 600 662 168 735 797 608 861 170 429 635 15 432 217 692 666 487 203 620 103 511 207 362 644 508 533 981 585 129 671 58 738 175 686 824 77 62 974 631 472 718 176 14 723 922 675 1011 535 595 877 477 633 50 473 753 403 381 496 412 876 982 267 260 502 321 631 603 925 194 744 494 1007 962 616 671 

   z2_pi: 39005111412a48024c4420433e2c1f10070a3301052e090d0c065223311930084e362d343d3c041a1b1626504f421215184b2f280b3a371e4a4d4029321d2b214503493b22461317381c3f0e27254714350f24

   z2_theta
    z2_theta seed # 1: d2819c531cfb510c5f29ed70a93f64d6
    z2_theta seed # 2: 73ab8271a71cd87523354a7849f8ace9
    z2_theta seed # 3: e9661eb563f72c1d2863b5934c22c722
    z2_theta seed # 4: 6aa452f7c542475364400fe355ef9866
    z2_theta seed # 5: 845d8cfa2db810f48fe07599be581164

  cmt_1_alpha: 4ff85cfc8b8716afbd2356462361fef5d337ced1f48adfdea910ba85a0ef48dc

  response round 18

   z1: 889 391 632 280 608 210 817 719 519 872 818 731 972 292 97 53 828 522 1018 837 814 786 414 103 50 47 1017 795 606 990 1005 51 876 675 562 909 402 731 240 334 775 182 545 181 13 702 491 301 247 221 49 623 527 631 870 383 505 180 432 805 707 298 902 979 451 26 340 870 91 251 434 587 21 99 639 820 176 745 804 124 718 646 231 

   z2_pi: 2e322446404218514b384827473b394c0a142d4a3d1b412b1130131917124425311d292c3506212f0e08230236330d0928035049054f0f3a521c163f4537433e4e041a2000264d1f073c0b1e22150134100c2a

   z2_theta
    z2_theta seed # 1: 95d40255e0d7054aa7277577bbd8049a
    z2_theta seed # 2: 4c6a962451895fd400a8d695e8d1809e
    z2_theta seed # 3: 547d2a1e56844365a1cf9c7076191b09
    z2_theta seed # 4: 95d42011183c419b4ad55e4cb45140bf
    z2_theta seed # 5: 2af40729774fef512e23c736f6dddf8c

  cmt_1_alpha: 9694e69d134159259a1c1894e3c0164b2d46da3031ab00b2a0e7c0e440fb9fc1

  response round 19

   z1: 361 631 1012 573 871 880 957 531 239 327 576 173 389 27 888 912 226 94 508 383 230 54 744 879 1006 116 569 547 283 207 630 289 878 135 172 282 237 914 758 161 539 644 768 16 944 85 224 687 997 525 469 987 438 37 652 202 77 708 504 716 828 47 29 811 902 674 439 1011 14 962 891 911 709 47 186 783 517 343 993 789 265 975 68 

   z2_pi: 45421b4e0e4c1f2c2f370d4303302349500a4636181522474b0b3b3928412d0f310735292e170c4838202710113d3c141e44061d2552004a4f1a3f1c2134133a12090402051626192b33243e5108404d012a32

   z2_theta
    z2_theta seed # 1: 9bedf144d60561c2c8e1cb4ca3c3ecc7
    z2_theta seed # 2: 58ace5908ec5167bd4b2e564641de71a
    z2_theta seed # 3: f25f4c3d849e9a60ea1b68cefe4f389a
    z2_theta seed # 4: 9fc1b3fd3550ec46f00f21ee7f289d7e
    z2_theta seed # 5: b1d69ec5f3abfc32310870774120008c

  cmt_1_alpha: bcb4581bcf73673cf0536749a964276313e81e00a2faa9eb3d97346e243ecfeb

  response round 20

   z1: 399 496 816 461 211 51 209 29 44 932 14 884 321 235 423 603 448 329 509 491 98 491 849 154 298 403 990 791 1000 443 524 760 343 222 550 118 302 611 922 116 455 660 222 300 64 627 473 270 1003 776 600 366 653 137 705 410 736 268 379 306 112 482 587 741 333 749 443 712 591 914 250 281 200 752 971 433 867 206 727 468 478 344 349 

   z2_pi: 2513210039150a441c1e3235370930231905412618402a4e27074f3d0f01204d2f221236333e1b3b170d381a294c142c102d1f2b420e2e494651031d3a470216062450080b4a3c43283104113f48520c45344b

   z2_theta
    z2_theta seed # 1: bbed9635f0914a06efa3ea61e8d4e133
    z2_theta seed # 2: 0b31a140ddc8c6c320304332a4eda759
    z2_theta seed # 3: edf42549f99671cb47144a0b144e1131
    z2_theta seed # 4: fb4a2ef7e2d3b90fc34802e6724c3c16
    z2_theta seed # 5: c6cb164ba3bb2abe267cc552e5d8c2e8

  cmt_1_alpha: 2a9fac6ac0d8a592b4f12cab8cc63586be8ae5ed4f0cd0a880e2f0714322e3ad

  response round 21

   z1: 658 582 120 248 251 89 767 559 533 484 20 660 453 36 207 79 295 7 566 784 473 529 912 934 310 449 629 394 885 223 382 350 126 317 680 229 116 23 463 951 742 530 833 623 126 900 920 65 626 790 716 531 776 424 811 870 474 947 595 693 567 309 503 223 387 184 592 267 625 227 77 637 471 409 294 787 693 730 337 226 521 394 66 

   z2_pi: 1f20494000070f3b0129440d30371c470c111d1b0336423d511e2a052f140e121527213f41324546084d13162d2b43344e170b3e02192438231a4b39502c2831100a4f33092e3c3a484c042526184a22520635

   z2_theta
    z2_theta seed # 1: 7f270c141ca674cab6abeb126e4b5ccf
    z2_theta seed # 2: 81af8fcbb1990a0a178051d71d0e8296
    z2_theta seed # 3: 4a9785d7a16bf255e0f61550de5dbafc
    z2_theta seed # 4: 80151c55c16df268070c1f0e6ab4dfe8
    z2_theta seed # 5: 6c480e6f15f5505d02cd682fef94676e

  cmt_1_alpha: 664cd164b1b70d6531a00c88f2c25a3c964da02e2496c4090977bb56d7ecb0f5

  response round 22

   z1: 565 553 443 968 102 435 926 598 413 161 226 445 943 922 752 82 1015 221 461 646 686 161 89 643 18 291 432 0 325 462 701 312 866 683 303 809 958 287 573 458 572 569 659 419 105 890 420 948 680 96 276 1012 575 819 702 326 857 151 282 864 877 1004 563 601 880 512 340 936 883 596 769 70 593 164 232 244 795 996 219 403 336 135 524 

   z2_pi: 1233203b1714111a01034d48251934304c4f4e1c45273c282b2f1832361d37390747511623004a1531082c092a5022400649050d0b210426421e1341383d3e4b2e1f460a29443f2d0f0c3a520e240210351b43

   z2_theta
    z2_theta seed # 1: bca4600a6ec204d3d45fba11fcbbaf8e
    z2_theta seed # 2: ba4438045c3ef9fd84e4f28e9fa1946a
    z2_theta seed # 3: 81881805293d90c626fd066ae589c87e
    z2_theta seed # 4: 3168da96558dd0767f6309e9e7670d78
    z2_theta seed # 5: c27ff0a2126c6ab170f9c63770af1718

  cmt_1_alpha: 24a4f1cb16c96bcccf84720fc317b1f9e853abf562ef774adc616e852bba686c

  response round 23

   z1: 623 747 911 663 542 144 761 417 159 327 275 651 318 934 42 859 757 440 945 230 587 523 619 154 107 134 540 559 343 580 532 294 81 463 518 994 421 600 569 927 234 860 555 53 403 326 179 656 272 664 13 323 938 391 105 470 990 364 559 313 975 531 293 105 709 975 460 150 165 513 144 142 526 180 488 220 522 996 252 469 567 810 99 

   z2_pi: 3b0444081c281e3a404a424c1546271d182d50514e451336383e32202a482f43330a1101060e313017353d1f24002b2e390b3c26340f2c4903021b251652374f221910210941123f290d0723474d05141a4b0c

   z2_theta
    z2_theta seed # 1: dab7005113300f11728353aefdccfb49
    z2_theta seed # 2: 03e480cae292be823427fe4de16bb43c
    z2_theta seed # 3: 3d43b5f57e8da9f4c5ed09a0c2691b32
    z2_theta seed # 4: c3a658282fd83a079795c4f88dbe1806
    z2_theta seed # 5: 1b87c986346b21346729c9518496f206

  cmt_1_alpha: c9657d530e03b25cc4445bd2ff5de79d932a75605e908f686d30f621140bbff8

  response round 24

   z1: 703 614 893 109 172 912 298 743 551 855 830 422 472 971 884 870 847 700 930 747 212 148 301 87 568 851 574 631 937 733 419 466 292 455 484 632 790 475 262 950 452 564 807 24 977 738 472 930 92 508 466 560 2 856 454 25 476 738 833 275 666 50 235 882 218 811 419 243 452 720 52 547 917 393 939 443 2 287 742 507 367 144 344 

   z2_pi: 20014a1a21190a3e3a1f2c1229270d2b4835423b13514b3f05222f172343463016320e3850371d3c36152a024d47392d244f491b0c14412531063310284e0b440434404c521c2e2600030845071e11090f3d18

   z2_theta
    z2_theta seed # 1: cb6f939ea1d98cabefb84ef92dbc1752
    z2_theta seed # 2: 97fa34f7835304dcd6b767ab9f209de8
    z2_theta seed # 3: c573d01f55ccd86a8a45c4232bc9f720
    z2_theta seed # 4: 73cf97935680da340e571210deb95c4d
    z2_theta seed # 5: b71eff0074e7da94a7792352b772ea17

  cmt_1_alpha: a20ee536fb3a96da0e301e7a986319bdd6598ae5f730c3c076b39d3df0f795c5

  response round 25

   z1: 312 301 887 636 193 937 410 737 539 736 696 579 633 55 432 544 79 171 716 229 160 573 943 993 68 654 182 977 316 695 439 268 939 111 284 151 997 629 598 680 1010 998 105 140 118 710 233 674 543 963 329 705 434 633 286 8 749 259 397 968 861 586 720 425 453 723 1008 976 760 503 912 261 680 510 897 870 457 791 174 814 516 780 89 

   z2_pi: 521d39030c100f1e02063e120b082e453004174a0e3651324d2f283f09152b3550164413484c251f29272d423a2c331b22213c49431831261c3b414f2a1124140d4b3805204e3d47073701460a1a3419004023

   z2_theta
    z2_theta seed # 1: e33140cae7d646147753a77d93a0a2a8
    z2_theta seed # 2: 62be4afd7b60d31088db6a169befa270
    z2_theta seed # 3: c9451ef70e0e81b5a62fce6fa1f30ae5
    z2_theta seed # 4: f7bdc2d16d73a9d724978b9e4551a821
    z2_theta seed # 5: c23dc984a1bd8d892572c4b88e10faa7

  cmt_1_alpha: 0972b3eedfe8938c6263159447749547be304c214281ac7eb66656c5200eb974

  response round 26

   z1: 923 317 40 457 118 682 515 165 1014 80 1018 371 452 443 427 181 746 802 49 337 765 755 195 447 735 740 312 257 143 905 858 885 412 250 250 149 648 529 873 457 270 197 329 721 769 924 128 996 835 84 900 272 956 353 804 300 194 624 278 124 808 234 749 251 261 729 973 20 347 640 405 619 548 204 462 953 758 198 625 591 845 412 574 

   z2_pi: 2f4a22110b373f4d0e300507134336190f3c394651323d091823153b00261f2b3e4b2c0a490d38294e271c10253334082e1e52314f0435442d3a1421201a062a504c160228031b011217410c45481d24474042

   z2_theta
    z2_theta seed # 1: e761c77c7a9a208f558a0b1db08f504b
    z2_theta seed # 2: 1a929fc339f3c97eeba53e43bcfb2b3e
    z2_theta seed # 3: 7219120a153195e1efc503d6adbde182
    z2_theta seed # 4: ede3d76fcc7a6264440e9fa41a19ce5e
    z2_theta seed # 5: abe7a2ea7292b4985b162b0b366e6acc

  cmt_1_alpha: 80add008fc1117738f404b23510c55ff5eaac22a4017cb7a2b750b8ddb8744eb

  response round 27

   z1: 373 584 574 772 702 560 956 347 134 85 676 169 647 500 828 606 16 405 648 791 564 831 989 973 13 897 586 66 951 695 601 241 891 791 48 338 227 5 406 189 39 721 550 997 668 752 32 274 641 997 402 388 318 460 987 778 898 145 860 698 1000 176 242 70 79 277 376 192 906 998 238 157 22 843 100 757 762 620 602 319 831 353 992 

   z2_pi: 294f1d080524303d34424c0222090f4e2c2a131f11203e484a030a35230c152e4339492f0117471c2b064b1e193836503325103b04313a001418400e323f4451124d2128271626370d2d46523c071b0b411a45

   z2_theta
    z2_theta seed # 1: 10647e0413728fdfb6b2fed9d8a47c8a
    z2_theta seed # 2: e658d942d9a42c5d78e5068b0d686b89
    z2_theta seed # 3: 561beb70f2480a7a673c6a37505cf843
    z2_theta seed # 4: d4fccd3bbf809bb3bee4a1a402524630
    z2_theta seed # 5: d238549262826cf67cbafb4766015056

  cmt_1_alpha: c774860c05339254312902f0597e5691b3ae228d2cd5d400d9818c2ee8128911

  response round 28

   z1: 962 303 795 989 650 832 442 542 197 13 886 221 988 817 293 214 189 495 889 114 541 616 248 19 413 629 623 738 857 480 458 494 459 461 49 516 382 967 869 640 549 778 808 759 737 101 524 11 632 732 10 374 999 612 642 511 116 46 70 183 704 727 963 552 332 895 142 588 452 528 781 474 871 40 1010 121 107 956 653 957 531 60 139 

   z2_pi: 2e491e13114e1c181207164f102d293417014138260633210a1b0f5004443f3028033514083d4a0c0e40233a52464d3b1f252c473e32193c4c270b37481d451a2f2002002a2b4b2415420d0905223639513143

   z2_theta
    z2_theta seed # 1: 5c184735d09984187bee00e3eb08067e
    z2_theta seed # 2: 2b1f85d69c75d1fc1af3bc4a3b47cecd
    z2_theta seed # 3: 06da28c8c2c78203571ee25d421d192e
    z2_theta seed # 4: 64e4a1c04475f1318c8ed10d94d42947
    z2_theta seed # 5: e9a8c187d1ce25fdf4f57a3db26d9d30

  cmt_1_alpha: d8783207bde68f2927a1973555e6ec5a46561304bf6f038373ad9c9e12acf532

m: 0000000000000000000000000000000000000000000000000000000000000000

sm(CRYPTO_BYTES):
5e2cab5b5766a64515d7c7ad3eb675c0fd08eebbebbe669bae6001865438d89e
104712d1d90fdfff8bee0d0e3ce44046e323afc03ad0295ff0e316928e41bbed
3663e5c65ac56fbba66be09e1a3bdf3d6d65efd59b44fe84adf4af031610a003
c20883d2a532c891c8781b8fbef26a74bfde1257089dc82eab44f3ec5e1db4c8
a00acb9a2ec73b7464b737e40d185da3780a36bb42512720d522199c5563e72b
a18ce5843ea77c3171d132a4694e37743aff7c6f6d74cc5a91cf64d452555de4
5fd55cda06733a6c3e27dc4bc18ff704c2b2c96ff75aa46163a23f5d2c1b2f66
b3060f39a349ccf93acbf5da2b5c788ac445d0908cc27250c2f95b8fee15b4af
45d9e291c6991aa0bf788c6399f952b29c96c7fed8ac7d5735c1759fe85645d9
3407c4abb2891b9682b9bfef41775e5a937dee7371e7bd9daac8a08be0169500
9ea399a510e117961d0ac9161d86ae138908ba5ef8c51e1ca8cba8ccc278a21d
de8df84fe09e3eb0d28fe8a76d46608f278094cf8702ce60d3f563d58336bde4
1dc74b14015e6e486daa8ccb2084158bcc0b49fff4f1600cab5d1e4bce6bf7df
a4d1623011e341869b0a667521bedd95e6bd94c9b54c38ae70835096d23cdb18
0343eb887f36ddf7475140bfd9695e493b47fa9fe9fc4a24932cf7460a0f2da5
0f3ac9ef93741c35a3da93a966d369db9ac1b05c520d2ff3c33443e36da1b78b
3f32655dd2a60759956d9d20139e656b4b09592528b3aef0cd94a803f3d4dcfa
63d029d39fb39b69e99013add8bc41165f1c61d07385bcc946d9e297ae42257c
01f3b753f1251786fe7130e528165a1fb4920e1053f64cbb5d8cd19847d36baa
1717f12b5134129761a703fd3a35a00b9b128f2feaa217b3a214dba21fa384eb
1406602eb57a40ee66adfaa8ead561dd43632281aa2405ba05291c1a2375dd12
986589b22c3e47275d1db2366c2d84196f27b8aa47000b03810b75562cad48df
5ee894749828afa62e76873f5a106d96e743b0c0eeeffb08e945315bbdeefe89
f6f90a8d4588f05c3999aec4c7c8c5c31eb939c627a21480076e87b5f12b1041
61e83b18d3097ac65e24da623530327fbfdef26ef54089f7f01da300fc4ea43c
1cf048005e31288cbae32d39e4223d9ed34668270f97a992a4fdceca21099cb9
ea0949bb729c7dbc7603011cc48388725790ab8ec8ee4d79fda8e0c0582dfecd
07c20a43da0b4a85a172f7a49dc8bf132ff6cada8e69023547f17be40f791b01
f6922a6f54d296004d2ae74e08033da2d43d69cd10602f6e7ef82d8b71afaf51
b51a76b92069160bdc5d62569d308990e5f491f4063255ce28a4c84589fe5654
4a974a1a8b2c9e37ca8bba9a8340966a88ed39a90a79be8f5fa5b1840b4a33a5
a29a961302d9f3cf9a6ce4262fce90dc4db2f2dbe62562bc9bd88da958cccfd0
ef86debe569b5b0dce6f6f4dbcce14e36ae6e66d4b1b50d26bcf6a984ba061d1
9c37e1a7901f8b6d64b1d31dc4023911059f4b08a7564b3e4a66eb45d2557678
4313ef8fd17f8fb593a37cd9645d989fa4dd437345f3dfc60f4916c738687993
88a0e34a6cb2a8e169ae717a26d2fe84194ec41f42a3f2a3becb38b6f5d6df83
fcf64c66f4ceb558ba61f001710cbe226985092a751a07fab01cb121b7398ac9
2c5f3a2221ef34f96f5566719ad3caa13db8bed5eee67cfd4fe4722cd9efc251
f1101f4478fc42724874cec46a38f9d8e9155ee65414c3d688ea9e960543de70
5da9443af2aefa267cbcdacbbe6c84f5355589e508795e1892a248a353a6e1bf
ee469a4c6cfd07a74176e380780e5be9368834d8a085746b98a9405ff1edd03d
d0b5c4f2a949a5d73f0db5de32c4cdd69afbe5b828ed317dd253b610f7264559
b259bb879c8b0431330317778b77683cc8aae4ed4962e1e9ecd55a5908bd5f2f
2ad4d215e73447077c0e49e542c830ea951245824fe1fee68c8c1b68fa070594
694385a2ce0e966cd3011cf56a82396a4dcbdeeda46c669957e22a96a37c6e11
2df17eff8e60990cf6caafaca339f4a1fc62815e3d61fad37d0693a21f378177
b707ef0609ad677c3b50bdfd6fbb0a9c27d65d3989bde4ac2eb456ced3c076ff
602ba6908f427d3de2b28e41c9e975bbd9fab14c24bd74b707099ab620335e34
33f89eb35db49e771125959b6f6812fb7aa623a974304e804bee658c219ea2e4
ba62a275a5b642328b6c6e063c6b6c5bdacfa8755f907bff133988f718f4370d
ffb430e5128b3a5b9cc360983e85d71d27c0047d58b4126f284d3e368613d44c
d9e83cd9217af23d74f52a734b8c30d94085451b0326c62488be87798c65a608
6771fad557801d1a7385760d62ee346abe80da4edf00862ca28d3f0b07e37b6b
eecefdd221e9ec433fd79a332f5cc84a7232d3e6ba4077dc39f81368750fb447
470fbd1becb53cd9cc059cf025fd1c19a35fd5f03d572437f6c98afbd8cecbe1
68e5f3e1834f8e52477489e29beaa5ed57f0053c815eadd0769a59b49c395407
34146f2a198819849cffcb19d19b8fb415a81852e4fb912936acac1af864341f
4c74551a2528b66032bf6dd57116e2d0462acfee9d99e47edcb06329177cc757
1648abb16633718e8e73611baea1433162a07d96caf3c64b32eb506bbdf50cc3
4ff85cfc8b8716afbd2356462361fef5d337ced1f48adfdea910ba85a0ef48dc
d2819c531cfb510c5f29ed70a93f64d673ab8271a71cd87523354a7849f8ace9
e9661eb563f72c1d2863b5934c22c7226aa452f7c542475364400fe355ef9866
845d8cfa2db810f48fe07599be5811649694e69d134159259a1c1894e3c0164b
2d46da3031ab00b2a0e7c0e440fb9fc195d40255e0d7054aa7277577bbd8049a
4c6a962451895fd400a8d695e8d1809e547d2a1e56844365a1cf9c7076191b09
95d42011183c419b4ad55e4cb45140bf2af40729774fef512e23c736f6dddf8c
bcb4581bcf73673cf0536749a964276313e81e00a2faa9eb3d97346e243ecfeb
9bedf144d60561c2c8e1cb4ca3c3ecc758ace5908ec5167bd4b2e564641de71a
f25f4c3d849e9a60ea1b68cefe4f389a9fc1b3fd3550ec46f00f21ee7f289d7e
b1d69ec5f3abfc32310870774120008c2a9fac6ac0d8a592b4f12cab8cc63586
be8ae5ed4f0cd0a880e2f0714322e3adbbed9635f0914a06efa3ea61e8d4e133
0b31a140ddc8c6c320304332a4eda759edf42549f99671cb47144a0b144e1131
fb4a2ef7e2d3b90fc34802e6724c3c16c6cb164ba3bb2abe267cc552e5d8c2e8
664cd164b1b70d6531a00c88f2c25a3c964da02e2496c4090977bb56d7ecb0f5
7f270c141ca674cab6abeb126e4b5ccf81af8fcbb1990a0a178051d71d0e8296
4a9785d7a16bf255e0f61550de5dbafc80151c55c16df268070c1f0e6ab4dfe8
6c480e6f15f5505d02cd682fef94676e24a4f1cb16c96bcccf84720fc317b1f9
e853abf562ef774adc616e852bba686cbca4600a6ec204d3d45fba11fcbbaf8e
ba4438045c3ef9fd84e4f28e9fa1946a81881805293d90c626fd066ae589c87e
3168da96558dd0767f6309e9e7670d78c27ff0a2126c6ab170f9c63770af1718
c9657d530e03b25cc4445bd2ff5de79d932a75605e908f686d30f621140bbff8
dab7005113300f11728353aefdccfb4903e480cae292be823427fe4de16bb43c
3d43b5f57e8da9f4c5ed09a0c2691b32c3a658282fd83a079795c4f88dbe1806
1b87c986346b21346729c9518496f206a20ee536fb3a96da0e301e7a986319bd
d6598ae5f730c3c076b39d3df0f795c5cb6f939ea1d98cabefb84ef92dbc1752
97fa34f7835304dcd6b767ab9f209de8c573d01f55ccd86a8a45c4232bc9f720
73cf97935680da340e571210deb95c4db71eff0074e7da94a7792352b772ea17
0972b3eedfe8938c6263159447749547be304c214281ac7eb66656c5200eb974
e33140cae7d646147753a77d93a0a2a862be4afd7b60d31088db6a169befa270
c9451ef70e0e81b5a62fce6fa1f30ae5f7bdc2d16d73a9d724978b9e4551a821
c23dc984a1bd8d892572c4b88e10faa780add008fc1117738f404b23510c55ff
5eaac22a4017cb7a2b750b8ddb8744ebe761c77c7a9a208f558a0b1db08f504b
1a929fc339f3c97eeba53e43bcfb2b3e7219120a153195e1efc503d6adbde182
ede3d76fcc7a6264440e9fa41a19ce5eabe7a2ea7292b4985b162b0b366e6acc
c774860c05339254312902f0597e5691b3ae228d2cd5d400d9818c2ee8128911
10647e0413728fdfb6b2fed9d8a47c8ae658d942d9a42c5d78e5068b0d686b89
561beb70f2480a7a673c6a37505cf843d4fccd3bbf809bb3bee4a1a402524630
d238549262826cf67cbafb4766015056d8783207bde68f2927a1973555e6ec5a
46561304bf6f038373ad9c9e12acf5325c184735d09984187bee00e3eb08067e
2b1f85d69c75d1fc1af3bc4a3b47cecd06da28c8c2c78203571ee25d421d192e
64e4a1c04475f1318c8ed10d94d42947e9a8c187d1ce25fdf4f57a3db26d9d30
67e8005eada46ecd5d67c9dc42b7ba0b1ee26d9973a78148bf0e49704cb3c164
2dd53d6ff866ca514767bf6ed66a337e71c746329d4107164a7439f8483d9ddb
4955c9691fefa9d6a3a30748fd1b96863c2d78082cae596117eda62321007737
63809cd882c8c7d3dc889fe190cbf290efcff15fa6efc08d78246d6b94c8e040
9258fca26a90b7c04c974ee0a2d46ef49e1fc596025255c7ed6077d014077f9d
5b726f1d8c7034494f78a77f94694a36ce4fbb11b9ad17f06b4ee29a90c575f6
9a785d927aac42e5fa0e7ddba36d305c39fcb7d926e4843ce6af8f2b6a92d688
2261a021e51b7378e6716c5a0e490fb2b4316b6defbbd39869ee8408ff9fdae0
c9fca0351dee485a2f508c3f627d796fdddb9796c263a060146c41d8c6e81fca
62fa96ef23e707d3afbd884dc8a1d1221ef342af4e3bf6d8882c961fee2f7b68
8398dd6006c7fa7071f8fba5cc20e64352a0c082b223f59be014ced7990a1f39
c9859bb090714e5b64a9572ff0ff8875b89b4275d8f73ccb7989b1c226bc32e5
ef0337b5b1dd89d5665c31d8a6f937d3be3fce38e43c7516dfb020fe92524176
916f9289ea022894ef1c8edfbea317b6a4138cdb7fcad1b3a251a22c46a45140
6e3130242fbae9bcf0781eaf797cf47656cf156b6491c84b1c472b881657c3ad
b7b3c029141be26781a1f1b259825b1d50a9368d3569a93348eca697774244ec
efb17e2ac31a47f80dc6915952cf096f1ce5d93f013153ea011c7cf5e1d21d4f
81f474bdd781cb9c0bf706dfe0b62d3a8d64275ff98678045c957dce600ecaf1
02ec59f2cc33c88d1567df18d9aefa9fd98f9ac93b207993223a545ef18dcd07
005e46b35818d3222bcd3eb05aa72033af4b3249d749d81cf1555e98651a3930
a50c42ca1628dcf0a0a64556588558e2cc93b90fe39e5dfc96cb2e9d16b42cc8
8ecb78308399455d6ab7c1175a2443751ab21eddbceff0032fc0170346753911
19ffc278864a537bbf254499df66d8ea7768222f101a2d237a15403394a18c9c
b93ed253517be11822804cf8c2c7f284f8938264090cc9c63f242d1081422110
d6a641f79db2341f62127ee5ddb609a554612cbaebbada467f9494580e292711
56f0b41b20d8bade48eebe5673ab06c5f67d391a406d89349720509251dea655
2c11a98a041e346f0cbc12148f2b9e70aa9d1e11c276e328db6c204ac4bf0bc3
d7dd73873dd226368a3997010a1ae70a9c3b13adf713039cc58a4cc6c1b7739b
2c27c2cf26d6f9655fe05ccbc00a7534aaf1191cc5e980f433af36833c05fdae
a31398c219e50b3f6d07483d9abe1db590f491c3cf3d7ce827cda9ed5e8a7869
a68c265f7386c3dbfecff7a6bbb583179b58c24f9bf20475a57a0beb6940cb09
83b5567ca8b778988256814ca628e6054b262c3e817e5a3892b8b5e96421cfa3
50421c1853feb7479bf66f9fc2be2171264d648c4edef10c8859ef6eea15bd58
c7db61db2957a1c13d0bb24d7bc2b76ff1f0344d0604f23a6483c4eb56d6d17e
6fdd87076bf6b7725f683491a08cf6e442573d0f63753e1fd62ea9ce6338038f
c488e71e1009bdf4c26244821e2b1331eb35b6a757fc66daaa152e011c9e8db8
abab1dc80d14de3e1ed3f9c7259db4c2b51d0555b2f7085f1e1b905d0ae70192
5a4b8ba117b55cee5e4e7cbd61755d91aca6cef26d419e01c501fb0cd0c3a197
96409ba8b86d0ab2c74f62b63dc018e1ca201ba27f0a6e34d1b89650cf0842f6
c5538d306a4792231563962be8407e66b73ed10894850e5383b0fc7c6c166c7f
44cdc0d05eed9c02aa660239a9764d31769b1430f2bf54ae57f7f53b3ec6783d
1554204980b51a1a933936232dfc95f081f88359905b7a54360b521a04ec02d8
4b10353b75c51c708f11eb98c723433561187f69e892d76391cb66c452127e60
7ae8e8d6d35115d46a0813801783805be350382cef5a56fbc0f3d969824dfd78
b109132860160dd2c44360691077815963130fc388e9f548e09f39f902286634
c891ef3964513343f7974c2f7aff01fc8a14aa62087bf10a04a1b8dccd479ca5
de3d3747617d84ce374ac57475ce37e65ee7e96946aac880ac3783713890952e
e898689f1d3f0e9c4e05e2c58d1af749ed6616747614c41b06fbb23b95ffeb11
f01f97ae07ae72babc6c4f3f81419c4d800aa1848e5725d311aab862c0294903
ccd17b9e9af5a6df14d1fa7b66405b8630f23f0cf0e76b007856e2be2c2f45c8
199ef50e9b9529f609efa4b133f034d19b92eddbf8f1d6a3e7d59033e85e93fd
1ea1948f11ac6ef4a4badce2fc1d7eafae326055ccbcf6a28001928137ab2251
ad33c36875c9ee6369292adf760c66d7aab4b6e703b06543aba6e72dc3e619ff
3da316a1fc55587d92817caa83b8afb88a73133e387f2776cec2e2c0b49a8f3a
ff8553b6dd5d9e326417ef647dc1c719dbd62f44907d41ddb965e7c2a0ebdefb
c2a3f969de87e1891198d2c4fcec8168cbbc2df324855103cf0aea5fb4cb127b
76860c2fe4bfb197deb73f03dba3cad8b864dbc2e3d4c1b684584b03beaed7d2
3dddc4f0e683779afd577eb4c056f2b02a193efd701a5065f616fbc8b6640563
fc49332ce992cc87b3869e93d69df4f77836dcbd4ff8ce5140b652d80678432e
8e17fcfd658e0de8beed3e1d398eb8d1337686e4f621ac68d48ee4f686b221a1
0043007b15e0bc5a7e83d56d6f5b098c2ad304b1f831cbf30b1dac6cb8a8b7cd
ef80f07b3f5eec0bba3c5ce055e1579cd0f3443c061fcccd4d3343341db040ba
037407b5ce695b0297547feb89b15ed49aa83499f717a3bf1b83f85ee58d8976
b834a6e6741c47a9372c013167760ead8f30966e359a48b09a81cbd05e32c121
de92e536d5ee6ec83e29b93e192103eff2b18dedccb5d479875557921a89073e
fb64f1ef8b15924701a5c591f0cc13271d6023c4d94508b9e9360557a762757f
e397577ef4846a39745cf0dcede64a18f49b7e108e7910725accec8408a3b6b2
d9dacd3e65ad37d674df3783e102e542718ed3449fd76566d2c4b56a1b953809
2a26448d29ee86bc19b3796e6567a188d3dbeb9ac32bc5fddd3467a8aba16431
a80423c1064051cef58a93d8abbe94b2ef1ff5a81c8f394e3a5a1a7a93463baa
605044ff8f33fb6a54d697680476dbeccf9825dc005285fadc54066c4494a4a0
43cfc6e46f3319548730f8e6ba8f5fea2124f986f6c951132dea93e92a6c5d2f
6eb19bb3e4826b6ab286211cbe781591149a14c573068a5f1a96397eae0ed72b
d6309951b3400a11a60d0ca5fa616958e73d5b2fe6f4fc8425a551ecf3cc5952
4a809038e2202de871a320f9fc5477a3ca63fc6a66df6db002b94ae79e78b5cf
a661b73cdd663fcdabe8eb5243494b57e038b58f77a6deed68d291741c79785a
bc9d41b61347e3c918442f2e76a273c19f74300a80b5711970276ed013692ac3
3a726bb3f268f310072d0d23569ed8eabb09f091b9fbbd05095638b574379fc1
a4ae59b81b828beb9079de001b884facc26c39a0f4f87af844386a4bf43cdd7a
1b43abbfc1d125e5d76925aaf29b9f062376189b8ea81f0e9f54b0b2e5e91102
ed0ed418f25d2b096d6ac54d0b3ff4f8de077941a8fa17b8d9c95dec8acb0432
9cc5e63da1909c1daa0e588afd50e83f1771bbad568bba22c71055bff30ef3db
b7e4e214d023896b5d3767fae85309a211a69d9c43c524156dc09c0342fed054
100e11ef6191cc9230705ac407caeab4bb4f41d9364fc1568056b62689cc3897
bbbdc6c4f964d39cf95817923e12ec2b8cbc6f654815a4a672287d3c7b094165
885e4ce3cfdd37df40e04a0a71fbad59c6b3f7c53048354e0196f57242b42696
cf29bc20481468f99211e61373db2b2c78245ceb8a3e2cf218f144457801a3b8
f9ee7462c1d264d4ab2f9b5afef47358e00bffd2c6dd2b0ab46e1e16d380dddd
701f7349d6f4f25ede727488263e137456e79be2660d9e72ee2dd75c0c04fa75
7cd98096a830caf7865b06830be0c9ad02769d4fa6a0ffd1e18211b7007bedf0
2832f5b7234c120761c3da9d8d82fc79acc17ba3bd4fc8c32265732ba867cab3
91f559aa9cc08632b6ea2235ddc75e0ebc9ee4deb4f0596f84f597d40d08e981
566efeddbb1fe496ed9a0c4f1e81f427aa037738719d005c084fff47d9c997d5
504c905081c98260f1ca20a9084c06daf41701a22bc56908a562c92e44e982a8
60c37587f3036fe412112a50ed3761227059cd7e8c0c51cfb82e7e9856a7692c
3436e2506247d36fbad7f744884615ee5418bb06196d24a33758a32b76965e6e
e843ddb40c2ee9ecdc1b756d42ca8f3a4872ee0cef34594336b1e06b3705e3e8
ce9fa03cf0794bee3e41621aba6a4a05876f1e7a2d3d29575024d9071d8df3a7
c91c28a1c49a8e8d0aec14b15b64722f51f9d0d05c42671f6ef9d7426c403536
fa041a436875b5a196dffd24432588f13589f0245cb847bdc5e7c64cfe3b3a3f
00054be58dc0a779356f47797db41a61a7a9ee8382f4c00c4dc0599e68795d3c
1c7baadf5699ee36b18118171a09208b96e373c71d13e2ce2929d0985ab7b707
3d767519e4ef7642e9016b7da744033bf890cd5072dab103a28a514960c566cf
95463c60ee9b6314f5670a932d8c9bf8c00a120f88af38e74287f2b2958ea970
710cc3c78889d6676b054b68cd9661dfd338bb9d9be4bd392dde5eaa186ef46e
46f4e1b580fefb09830c7a763777208f40c859b9e5da26136ca690cdfe313bd2
cb8cfe2d54403877f59085a7ccc09bd9cba6dddc32c90daf3c98c81c2fd1f490
c6564256a0ba022dccff478e95e718595ef5df3fe505ec4e075e4bc23664ee07
795aa978eaa38e3772fc0c1d243c1788d0757ab19ad295c3790cfe47c9e4daa8
b96e96b4f865921936399867947ad1a1d02fc74722fc41b88f99a89dda5a4b46
af3577ffb06a61414f35bc6de0425a015c9951b4f9081e9252819207fc4925f9
0287416f51816ceddfe48d19839f062456d069e6008785393872974ace513a62
1486418d24c5c66e31209faa5f0b11c75357cc9f8ac8ad72400aaed1add490bc
97dc829139c625eae50d8b0d1a14033a7ab09c1b07d3b928852e1829c9e6b9a4
ca952e834c6fa7db8bbd699796e5244571d7674244cd4d4f0d526742f48e014e
d978295f92bfb8a0404f2a4a0ed70f686c7c03410a9251005c79e573dc5cd47f
3b78a0a1dbb6bf8fe016ad1127a9800dc66e8aa22de05175c58193fe88528ba3
e13e15d430ad068f356e11962900f6a39eba15fbfa0c172dbaadbde26c416e2f
e309f94586936d3fc54305c462bce00af651e08a2ccd94fed8276a7745bf2c01
a9142a27f34e01d3750967426f477f498d7954b811662327b9f6b35de290306f
25821a77353e42abadc3de1f50daacd68d7fe5ac3a5d18c533796663e23b1f25
c669ee14ddfa1de450b27e70a65a6c108548a06271a127ef56862e2842cb8c41
8759d4ab9dfe1330dd7070b53c583b305a5300cf82a61a8b5b2d8d908db9e614
46a9d7956807683a17ec7758fead32d04dc1afa95352d008ca29eb9622f10e44
6adb82335c920c19fefda150f1da55563960c9143c7e40835dafedfb2d8ba311
c4c04d822240d93e02184ab34e565594747d8cf8e0a53b76fac7bdd161c5b555
1d992a5e53e1a0fae21404a1564a4a7b3a7b050a6a33632b8b5e3562eec84514
7a983fde5a6f4b8cb77941faf72b1e3a6709ba368a15f397c524c38df0055159
1c3af609c4c55775a3241080b32b850691606f80ba40bbbc7bb88df5e52b9c9b
771c3667ea2134f50e464e214554e0ce9553f1e9881057c65bc765b0121d038c
a3f239819e4b172a4dde519e810b820f3cca90f0356448ed6247d35a9702cd1c
1c4a362ece74d88ebead25227804ae790f96a0350ded0c89e44d51a877123aaa
c35c26d6d7d581e5f82b04d27d202388b8f910ab532e33dc588eee8425f5d74a
b676a299ae396b623825b281d94cff92b6762bf67073c4cc723bb2d5311c6bec
e7b3f4162519baaecc887a1ea52a8afcc422e5e891351094026c8366897c989b
4834732b0a39183a50b1955a9844d7bbdb0bff54a3f7895ce6dc7c15c19c8c11
e8a708f89a1d11e3120b627d2406adcb6ce26782bd83bb98cea9d9b902477d0a
369095a97734500c16274889b4be8ec5594afd297348fc3009acdcd2cbbdf776
ac0179121173e5c8220157f0826036bd629d6f414753e7fd9b1da9ae718b6377
4915cbda0d074f33ad024dbb3a8728bd7c7c2e97ece5b49b6e5e7580408565ec
1bb31f8f82c5d314cecc76143b8a56b3fc3c45dced57a48f208e85b0065a0bd2
91a0099816bb02c33c955644a88e026bd9541e42d26c0b388c1936b4c22c8fd3
d0c9ae9d66c980e40dc05e58df2deccabed8c4bbccf32c6a6cdaf480931896b3
a6f503e39ec95db313bb247f046853a10f7b1f5d36a7c8875af333bf8a1105e6
a4350f159e1dc0b0eeebf0a3cdbdb372ff2789b62769a03cbfdfa6d2020a9db0
6523943802927081a9cac45b27aca73432dd7ddfeda2958956b40b1098c6de86
77f92a6a3966acc02ab748106ca2cff0027da82371ad92a715af69ced427ea00
42c452b0ac2f27d9316efcf0cdefa7d16545fe284b71b05a351813c56686cf7b
b9744a68db5236fa583ac20a6e50b340ae54928b208d4f1c9943c7da21abf34d
587e44af0bc861fec2a0901a10bb446d78a8c972f098b3fcf702





### SIGN OPEN ###
Done

